 107 # base-pairs
   1 # ***local base-pair & helical parameters***
#      Shear  Stretch  Stagger Buckle Prop-Tw Opening  X-disp  Y-disp  h-Rise  Incl.    Tip   h-Twist
T-A    -0.34   -0.46    1.29    0.62  -25.91   -4.16    0.00    0.00    0.00    0.00    0.00    0.00
G-C    -0.11   -0.34    1.02   -9.69  -25.18   -6.20   -0.44    0.45    3.43  -14.34   -0.80   41.15
T-A    -0.26   -0.28    1.10  -12.20  -26.21   -0.29   -1.21    1.27    3.63  -15.52    3.52   33.15
G-C    -0.01   -0.20    0.60  -12.88  -32.80   -5.19   -0.84    0.29    3.20   -0.51    2.42   39.49
A-T     0.08   -0.13    0.57   -8.21  -22.20    0.25   -0.67    0.27    3.23  -11.44   -5.08   32.51
G-C    -0.08   -0.11    0.89   10.45  -14.09    0.44    0.24   -1.74    2.91  -12.85    1.44   34.40
C-G     0.17   -0.05    0.02   23.24  -27.18    0.87    0.52    2.73    2.68   -8.24  -19.54   35.60
G-C    -0.14   -0.04    0.09  -23.18  -27.75    0.79   -4.82    0.02    2.73   78.73    0.25   61.38
C-G     0.04   -0.19    1.01  -11.08  -14.17   -0.16    0.55   -2.76    2.69   -9.41   20.78   35.85
T-A    -0.13   -0.19    0.63    8.03  -22.46   -0.11    0.29    1.74    2.88  -14.46   -2.10   34.52
C-G    -0.03   -0.24    0.69   13.19  -33.55   -5.81   -0.80   -0.20    3.18  -10.75    4.63   32.78
A-T     0.21   -0.27    1.10   11.01  -25.11    0.06   -0.81   -0.31    3.25   -0.88   -3.03   39.47
C-G     0.12   -0.28    0.99   10.48  -25.46   -5.96   -1.30   -1.17    3.54  -14.39   -4.12   33.26
A-T     0.07   -0.37    1.02   -0.36  -25.12    2.24    0.20   -0.57    3.59  -17.80   -2.46   39.24
A-T     0.00   -0.01    0.00    0.00    0.00   -0.07   14.35  -14.76    0.79   33.33   43.68    7.72
A-T    -0.01   -0.01    0.00    0.04   -0.06    0.07   -0.66   -1.59    3.15    9.02   17.18   36.54
A-T    -0.00   -0.00    0.00    0.09    0.03   -0.04   -1.43   -0.05    3.24   15.00   -2.96   29.17
A-T    -0.00   -0.00   -0.00   -0.01   -0.02    0.03   -0.90   -0.63    2.99   11.01    2.12   32.85
A-T     0.00   -0.00   -0.00   -0.10    0.07    0.04   -2.21    0.36    2.77   23.18   -6.47   18.76
A-T     0.00    0.00   -0.01   -0.05   -0.07    0.02   -4.07    3.50    5.43   59.20  -25.60   79.36
A-T     0.00    0.00   -0.01   -0.07   -0.04    0.02   -2.77   -4.08    2.46   17.67   19.60   19.99
A-T    -0.00    0.00   -0.01   -0.10    0.01    0.01    0.02    1.07    2.91    8.07  -11.93   30.59
A-T    -0.00   -0.00    0.01    0.16   -0.00   -0.03   -0.29   -0.78    3.40    5.10    9.81   32.81
A-T     0.00   -0.00    0.00   -0.06    0.03    0.01   -5.08   -2.27    2.66   16.55    7.88   27.14
A-T     0.00    0.00    0.00   -0.02   -0.09   -0.04   -1.08    0.77    3.74    8.35   -4.48   45.42
A-T     0.00   -0.00    0.01    0.12   -0.00   -0.04   -0.65   -0.38    3.48   17.53    1.08   36.04
A-T     0.00    0.00    0.00    0.13   -0.08   -0.10   -0.48   -1.31    2.78    4.59    8.15   28.13
A-T     0.00    0.00    0.01   -0.04   -0.11   -0.01   -2.14    4.43    2.52   13.40  -16.01   21.08
A-T    -0.01   -0.00    0.00   -0.01   -0.10    0.07   -3.04   -3.70    5.79   55.99   21.45   79.87
A-T    -0.00   -0.00   -0.00   -0.05    0.08   -0.10   -0.89   -0.14    3.04    3.14   -3.18   25.41
A-T     0.01   -0.00    0.00    0.08    0.02   -0.03   -0.04    0.91    3.03   -0.27    7.14   34.88
A-T     0.00   -0.00   -0.00    0.02    0.11   -0.05   -1.10   -0.19    2.95   13.77    4.26   39.55
A-T     0.00    0.00    0.00    0.11   -0.05   -0.00    1.02   -0.71    3.31  -10.32    6.44   39.50
A-T    -0.01   -0.00    0.00    0.06    0.08    0.03    1.22   -1.09    3.26  -13.20   12.71   34.74
A-T     0.00   -0.00    0.01   -0.04   -0.04   -0.02    0.30    0.98    3.03   -7.63   -7.52   37.30
A-T     0.01   -0.00   -0.01   -0.09    0.10   -0.02    0.05   -0.37    3.09   -4.55    9.14   44.00
A-T     0.00   -0.00    0.00    0.07    0.10   -0.03    2.24   -0.70    3.12  -19.29    6.28   30.51
A-T    -0.00   -0.00    0.00   -0.00    0.05   -0.01    0.85    0.39    3.31   -7.09    0.14   31.16
A-T    -0.00    0.00   -0.00    0.01   -0.07    0.07    0.01   -0.56    3.61   -0.12    2.10   44.10
A-T    -0.00    0.00   -0.01   -0.07    0.03    0.08   -0.41    0.33    3.58    3.63   -3.91   34.87
A-T     0.00   -0.00   -0.01   -0.09   -0.02   -0.07    0.08   -1.51    3.19   -1.42   13.60   27.16
A-T     0.00   -0.00    0.00    0.09    0.18   -0.01   -0.39    0.17    3.53    4.71   -4.43   44.12
A-T     0.00   -0.00   -0.00   -0.05    0.03   -0.00   -0.36    0.36    3.48    6.42   -3.15   35.81
A-T     0.00   -0.00   -0.00   -0.08    0.02   -0.03   -0.99    1.64    3.16    9.34  -16.74   33.20
A-T    -0.00   -0.00   -0.00   -0.09   -0.03   -0.01   -0.91    0.28    3.29   12.24   -0.57   35.17
A-T     0.00   -0.00   -0.00   -0.07   -0.07   -0.04   -1.07   -1.44    3.46    7.13   13.26   32.86
A-T     0.00    0.00    0.00   -0.05   -0.03   -0.00    0.24    0.02    3.36   -2.22    0.11   37.44
A-T    -0.00    0.00   -0.01   -0.14   -0.02   -0.02    1.22    0.11    3.46   -8.12    0.45   34.86
A-T     0.00    0.00    0.01    0.04   -0.15    0.02   -0.61    0.29    3.49   -0.72    1.69   29.44
A-T    -0.00   -0.00    0.00    0.02   -0.01   -0.01   -0.25   -0.05    3.53    1.73   -2.14   31.92
A-T     0.00   -0.00    0.00    0.04   -0.20   -0.01    1.32    0.74    3.31  -11.73   -4.47   35.70
A-T     0.00    0.00    0.00   -0.10   -0.06   -0.09    0.57    0.44    3.24   -8.10   -8.93   36.65
A-T    -0.00    0.00    0.01    0.09   -0.13    0.01    0.35    0.22    3.40    0.85    0.39   36.18
A-T     0.00   -0.00   -0.01   -0.07    0.10   -0.03    0.60   -0.23    3.10   -5.50    3.81   42.28
A-T     0.00    0.00    0.00   -0.06    0.00    0.01   -1.36   -0.57    3.31   15.34    4.54   42.77
A-T    -0.00   -0.00   -0.01   -0.09    0.01    0.03   -0.37   -1.27    3.62    4.73   11.50   32.37
A-T     0.00   -0.00    0.00    0.03    0.16   -0.02   -0.50   -0.18    3.19   10.82   -0.19   33.28
A-T     0.00    0.00    0.00    0.02    0.02    0.01   -0.68    1.27    3.50    8.35  -11.67   40.30
A-T     0.00   -0.00   -0.00   -0.01   -0.07   -0.02   -0.26    1.31    3.61    5.08  -10.17   37.27
A-T     0.00    0.00   -0.01    0.02   -0.01    0.05    1.05   -0.61    3.41  -11.00    5.19   30.93
A-T    -0.00   -0.00    0.00   -0.06    0.04    0.00    0.77   -0.52    3.47   -5.75    7.34   43.21
A-T    -0.00   -0.00    0.00    0.09    0.08    0.06   -0.33    1.05    3.32    3.55  -11.90   37.98
A-T    -0.00    0.00    0.00   -0.07    0.14    0.05    0.81    0.39    3.20   -2.72   -2.54   32.20
A-T    -0.00    0.00   -0.00   -0.20   -0.01    0.11    1.20   -0.49    3.01  -12.36    5.11   31.40
A-T    -0.01    0.00   -0.00   -0.02   -0.01    0.10    0.19   -0.57    3.36   -1.96    6.61   37.67
A-T     0.00    0.00   -0.00    0.07   -0.11   -0.01    0.53   -0.95    3.33   -4.53   10.47   36.09
A-T    -0.01   -0.00    0.00   -0.04    0.05    0.01   -0.28   -0.71    3.03    1.63    6.41   34.03
A-T    -0.00   -0.00    0.01    0.12    0.05   -0.01   -0.04   -0.92    3.03   -0.30   -6.95   34.87
A-T    -0.00   -0.00   -0.00    0.02    0.02   -0.01   -0.90    0.15    3.04    3.13    3.14   25.36
A-T     0.00    0.00    0.00    0.03    0.02    0.01   -3.03    3.70    5.79   55.92  -21.44   79.85
A-T     0.00    0.00    0.01    0.16   -0.02   -0.14   -2.16   -4.43    2.51   13.59   16.06   21.06
A-T    -0.00    0.00   -0.00   -0.05   -0.03    0.02   -0.47    1.32    2.79    4.57   -8.27   28.13
A-T    -0.00   -0.00    0.01    0.14   -0.06    0.01   -0.65    0.36    3.48   17.63   -0.93   36.10
A-T     0.00    0.00   -0.00    0.06   -0.02   -0.05   -1.08   -0.76    3.74    8.36    4.44   45.39
A-T    -0.00    0.00    0.00    0.07    0.06    0.08   -5.08    2.26    2.66   16.51   -7.85   27.08
A-T    -0.00    0.00    0.00    0.07   -0.13   -0.02   -0.30    0.77    3.40    5.28   -9.62   32.82
A-T    -0.00   -0.00    0.00   -0.00    0.04   -0.01    0.05   -1.07    2.92    7.78   12.03   30.60
A-T     0.00   -0.00   -0.00   -0.01    0.04   -0.03   -2.80    4.06    2.45   17.92  -19.60   20.09
A-T     0.00   -0.00    0.01    0.03   -0.10    0.04   -4.08   -3.51    5.43   59.13   25.63   79.19
A-T    -0.01    0.00    0.00   -0.06   -0.10    0.13   -2.26   -0.34    2.76   23.46    6.33   18.78
A-T     0.00    0.00   -0.00   -0.07   -0.04    0.02   -0.89    0.64    2.99   10.98   -2.13   32.94
A-T    -0.00    0.00   -0.00    0.06   -0.04    0.03   -0.36   -0.00    3.36    3.06    6.32   34.10
A-T     0.00   -0.00   -0.00   -0.09   -0.05    0.01   -0.58   -0.07    3.35    4.40   -1.08   30.81
A-T    -0.00    0.00   -0.01   -0.01    0.08   -0.05    0.53   -0.52    3.36   -4.52    2.21   34.50
A-T    -0.00    0.00    0.01   -0.01    0.00    0.01    1.28    0.09    3.12  -15.68    0.11   33.79
A-T     0.00    0.00    0.01    0.01   -0.07   -0.04    0.16   -1.23    3.32   -0.03   12.18   36.01
A-T     0.00   -0.00    0.01    0.21    0.08    0.00   -0.02    2.36    3.33    1.54  -19.60   33.16
A-T    -0.00    0.00   -0.00   -0.01    0.04    0.05   -1.29   -0.09    3.16    8.46    2.36   30.86
A-T     0.00   -0.00    0.00    0.03    0.05   -0.11    0.98    0.09    3.54   -8.48    0.32   32.86
A-T     0.00   -0.00   -0.01   -0.05   -0.02   -0.00    0.12   -0.72    3.16    1.89    9.68   36.95
A-T    -0.00    0.00    0.00    0.05    0.04    0.04   -1.06    0.54    3.37    7.60   -7.65   42.34
A-T     0.00    0.00   -0.00   -0.02    0.16   -0.02    0.42    1.80    3.10   -8.07  -14.22   33.71
T-A    -0.07   -0.37    1.02    0.32  -25.20    2.31   -1.97   -0.67    3.22   16.27    6.46   32.75
A-T    -0.00   -0.00    0.01    0.09   -0.10   -0.03    0.01   -0.01    0.05    2.08   -0.97   -0.04
G-C    -0.11   -0.27    0.99  -10.53  -25.49   -5.91    0.13    0.55    3.56  -17.76    2.52   39.21
T-A    -0.20   -0.27    1.10  -11.01  -24.84    0.05   -1.31    1.18    3.54  -14.30    4.09   33.31
G-C     0.03   -0.24    0.69  -13.10  -33.46   -5.81   -0.80    0.31    3.24   -0.97    3.20   39.44
A-T     0.13   -0.19    0.65   -7.84  -22.34    0.01   -0.78    0.18    3.19  -11.03   -4.47   32.77
G-C    -0.04   -0.18    1.01   11.22  -14.10   -0.18    0.28   -1.71    2.89  -14.46    1.82   34.55
C-G     0.14   -0.04    0.10   23.07  -27.77    0.85    0.57    2.76    2.70   -9.63  -20.76   35.84
G-C    -0.16   -0.05    0.02  -23.21  -27.17    0.85   -4.81   -0.03    2.74   78.69   -0.32   61.47
C-G     0.07   -0.12    0.89  -10.35  -14.00    0.35    0.50   -2.74    2.67   -8.06   19.63   35.53
T-A    -0.08   -0.13    0.56    8.21  -22.11    0.26    0.26    1.75    2.91  -13.01   -1.56   34.48
C-G     0.01   -0.20    0.59   13.02  -32.79   -5.21   -0.68   -0.27    3.23  -11.29    5.18   32.50
A-T     0.26   -0.28    1.10   12.18  -26.25   -0.40   -0.82   -0.29    3.20   -0.69   -2.31   39.45
C-G     0.11   -0.34    1.01    9.86  -24.95   -6.14   -1.25   -1.25    3.62  -15.15   -3.70   33.15
A-T     0.34   -0.46    1.29   -0.61  -25.87   -4.16   -0.42   -0.46    3.43  -14.53    0.95   41.15
