 107 # base-pairs
   0 # ***local base-pair & step parameters***
#      Shear  Stretch  Stagger Buckle Prop-Tw Opening   Shift  Slide    Rise    Tilt    Roll   Twist
T-A    -0.34   -0.46    1.29    0.62  -25.91   -4.16    0.00    0.00    0.00    0.00    0.00    0.00
G-C    -0.11   -0.34    1.02   -9.69  -25.18   -6.20   -0.27   -1.10    3.26    0.56   -9.99   39.97
T-A    -0.26   -0.28    1.10  -12.20  -26.21   -0.29   -0.93   -1.59    3.28   -1.98   -8.75   31.94
G-C    -0.01   -0.20    0.60  -12.88  -32.80   -5.19   -0.32   -0.59    3.18   -1.63   -0.35   39.46
A-T     0.08   -0.13    0.57   -8.21  -22.20    0.25    0.12   -0.99    3.10    2.82   -6.36   31.78
G-C    -0.08   -0.11    0.89   10.45  -14.09    0.44    0.96   -0.48    2.90   -0.84   -7.54   33.58
C-G     0.17   -0.05    0.02   23.24  -27.18    0.87   -0.72   -0.08    3.09   11.70   -4.94   33.33
G-C    -0.14   -0.04    0.09  -23.18  -27.75    0.79   -0.04    1.55    5.41   -0.19   60.07   13.23
C-G     0.04   -0.19    1.01  -11.08  -14.17   -0.16    0.68   -0.13    3.13  -12.49   -5.66   33.20
T-A    -0.13   -0.19    0.63    8.03  -22.46   -0.11   -0.93   -0.53    2.87    1.23   -8.50   33.47
C-G    -0.03   -0.24    0.69   13.19  -33.55   -5.81   -0.13   -1.01    3.05   -2.60   -6.03   32.14
A-T     0.21   -0.27    1.10   11.01  -25.11    0.06    0.37   -0.60    3.22    2.05   -0.59   39.41
C-G     0.12   -0.28    0.99   10.48  -25.46   -5.96    0.90   -1.56    3.21    2.33   -8.15   32.19
A-T     0.07   -0.37    1.02   -0.36  -25.12    2.24    0.52   -0.91    3.46    1.62  -11.78   37.46
A-T     0.00   -0.01    0.00    0.00    0.00   -0.07    1.34    2.43    0.79   -5.02    3.83    4.44
A-T    -0.01   -0.01    0.00    0.03    0.09   -0.01    0.23    0.16    3.56    3.91    6.70   36.31
A-T    -0.00   -0.00    0.00    0.06    0.01    0.03    0.62   -0.31    3.31    2.88   -6.63   35.70
A-T     0.00   -0.00   -0.00   -0.06   -0.02   -0.00   -0.73    0.94    2.92    5.47    8.23   23.52
A-T    -0.01    0.00   -0.00    0.06    0.22    0.05   -1.85    3.56    7.84   27.02   64.35   33.85
A-T    -0.00    0.00    0.00    0.09    0.13    0.04    0.59    0.02    2.70   -8.29    7.07   20.14
A-T    -0.00    0.00   -0.00   -0.02    0.08   -0.00    0.71    1.32    3.04    4.15   10.73   33.03
A-T    -0.00    0.00    0.01    0.07    0.00    0.01   -0.51    0.13    3.13   -8.85   -1.85   34.28
A-T    -0.00   -0.00   -0.00    0.03    0.08   -0.07    0.56   -0.77    3.82    4.31    3.89   36.83
A-T    -0.00   -0.00   -0.00   -0.09    0.09    0.02   -1.59   -0.32    3.84   -4.45    5.85   29.34
A-T     0.00    0.00    0.00    0.07   -0.07   -0.04    1.05    0.58    3.61    1.39    4.57   36.56
A-T     0.00   -0.00   -0.01    0.01    0.04   -0.05    0.03    0.36    2.91   -1.70    8.00   30.90
A-T    -0.00   -0.00   -0.00   -0.00   -0.18    0.03   -0.51   -0.09    2.97    1.67    3.01   19.41
A-T     0.00   -0.00    0.00   -0.00    0.04   -0.05    1.48    1.68    8.37  -33.56   64.18   43.26
A-T    -0.01    0.00   -0.00    0.03    0.10    0.02    0.32    0.28    2.71    2.12    8.29   21.66
A-T     0.00    0.00    0.01   -0.08   -0.12   -0.03   -0.33   -0.48    3.05   -0.79    8.19   32.74
A-T    -0.00    0.00    0.00    0.03    0.08   -0.01    0.10   -0.07    3.39    9.10    1.28   32.93
A-T     0.00    0.00    0.01   -0.09   -0.13    0.05    0.04   -0.09    3.39   -2.13   -1.68   33.18
A-T    -0.00    0.00    0.00   -0.01    0.09    0.05    0.01    0.05    3.61   -2.93    2.75   33.37
A-T    -0.00    0.00    0.00    0.01   -0.12    0.05   -0.04    0.04    3.10   -5.89  -12.71   36.70
A-T     0.00   -0.00    0.00   -0.05   -0.17   -0.02    0.05    0.20    3.54   -4.18    3.19   27.24
A-T     0.00   -0.00   -0.01   -0.07   -0.06   -0.09    0.14    0.18    3.20   -1.52    0.15   34.33
A-T    -0.00    0.00   -0.01   -0.07    0.04   -0.03    0.13    0.27    3.37    3.97    4.95   28.13
A-T     0.00    0.00    0.00    0.04    0.06    0.01   -0.02   -0.08    3.54    2.25    8.64   34.81
A-T    -0.00   -0.00    0.00   -0.13   -0.07    0.05   -0.13   -0.10    3.20   -4.83    5.41   29.98
A-T    -0.01   -0.00   -0.01   -0.11   -0.01    0.10   -0.23    0.02    3.77    3.85    1.12   34.53
A-T    -0.00   -0.00    0.00    0.04    0.04    0.00    0.01   -0.08    3.09    4.59   -5.75   40.05
A-T    -0.00   -0.00   -0.00   -0.01   -0.09   -0.02   -0.11   -0.01    3.47   -2.77   -5.65   43.07
A-T     0.00   -0.00    0.00   -0.03   -0.13   -0.01   -0.02   -0.14    3.04    3.08   -0.59   35.26
A-T    -0.00    0.00    0.00    0.02   -0.02    0.06    0.04   -0.06    3.41   -4.57    0.55   38.40
A-T    -0.00    0.00    0.00    0.03   -0.07    0.05   -0.14    0.11    3.49    0.01   -5.98   33.54
A-T     0.00   -0.00   -0.00    0.06   -0.06   -0.02   -0.14   -0.12    3.59   -1.69   -5.94   24.45
A-T    -0.00    0.00   -0.00    0.03    0.08    0.04    0.06   -0.14    3.42    1.35    2.84   33.11
A-T    -0.00   -0.00   -0.00   -0.07   -0.05    0.01   -0.09   -0.06    3.48    2.38   -7.27   37.05
A-T     0.00    0.00    0.01    0.02    0.08   -0.02    0.01   -0.08    3.38    2.75   -8.72   32.12
A-T     0.00    0.00    0.01    0.03   -0.07    0.02   -0.01   -0.03    3.41   -4.98   -4.50   37.15
A-T    -0.00   -0.00   -0.01   -0.01   -0.06   -0.00   -0.19   -0.10    3.76   -0.18    4.87   32.15
A-T    -0.00   -0.00    0.00    0.00   -0.01    0.03    0.06    0.04    3.36    1.69    1.86   36.01
A-T    -0.00    0.00    0.00   -0.01   -0.03    0.01   -0.20    0.10    3.61   -4.27    2.33   28.34
A-T    -0.00    0.00    0.00   -0.10    0.01    0.07   -0.04    0.19    3.50    1.86   -0.77   33.72
A-T    -0.00    0.00    0.00    0.09   -0.05    0.01   -0.01    0.07    3.26    3.06   -4.40   30.41
A-T     0.00    0.00   -0.00   -0.15   -0.10   -0.06    0.22    0.26    3.38   -0.85   -1.77   31.17
A-T    -0.01    0.00    0.00   -0.02    0.01    0.09    0.09   -0.11    3.30   -1.49    4.34   35.94
A-T     0.00   -0.00    0.01    0.08    0.01   -0.00   -0.01    0.12    3.59   -1.59   -4.65   26.35
A-T    -0.00    0.00   -0.00    0.03    0.00    0.04    0.29    0.27    3.59   -1.05   -8.52   30.95
A-T     0.00    0.00    0.01    0.08    0.04    0.01   -0.13   -0.20    3.43    3.14    0.28   32.17
A-T    -0.00   -0.00    0.01   -0.00   -0.06   -0.01    0.02    0.01    3.37    0.58   -1.51   34.12
A-T     0.00   -0.00   -0.01   -0.11    0.15    0.01    0.01   -0.15    3.50    0.42  -11.81   34.46
A-T    -0.01    0.00   -0.01   -0.12    0.02    0.10   -0.08    0.20    3.23    0.30   -2.51   32.16
A-T     0.00    0.00    0.01   -0.02   -0.02    0.01   -0.03   -0.12    3.56   -2.51   -5.59   26.82
A-T     0.00   -0.00    0.00    0.05   -0.04   -0.01    0.01   -0.01    3.30   -4.89    9.75   29.44
A-T    -0.00   -0.00   -0.00    0.01   -0.06   -0.00   -0.22   -0.13    3.37   12.32   -3.64   35.74
A-T     0.00   -0.00   -0.00   -0.12   -0.03   -0.07    0.04   -0.16    3.30    0.87    4.35   37.59
A-T    -0.00   -0.00   -0.00   -0.11    0.04   -0.03    0.11    0.00    3.52   -4.64   -3.39   35.34
A-T    -0.00   -0.00   -0.00   -0.06    0.09    0.05    0.18   -0.17    3.56    3.65   -0.27   36.57
A-T    -0.00    0.00   -0.00   -0.05    0.06    0.00   -0.06   -0.07    3.45   -7.96   -9.28   32.73
A-T     0.00   -0.00   -0.00   -0.02   -0.01    0.00    0.03   -0.14    3.43   -0.18   -3.28   43.52
A-T    -0.00    0.00    0.00    0.10   -0.07    0.05    0.90   -0.04    2.95    4.18   -0.07   34.55
A-T    -0.01    0.00   -0.00   -0.05   -0.04    0.05   -0.23   -0.23    3.05   -1.37    1.32   25.27
A-T     0.00   -0.00   -0.00    0.04    0.01   -0.02   -2.34    2.40    7.75   24.14   63.12   45.54
A-T     0.01    0.00   -0.00   -0.03    0.01   -0.11    0.86   -0.14    2.97   -5.78    4.80   19.75
A-T    -0.00   -0.00   -0.01   -0.06   -0.06    0.04   -0.25   -0.01    2.85    4.03    2.28   27.74
A-T    -0.00   -0.00    0.00   -0.00    0.03   -0.01   -0.17    0.62    3.46    0.52   10.72   34.50
A-T     0.00   -0.00   -0.00   -0.03   -0.03   -0.06    0.31   -0.32    3.85   -3.38    6.42   44.81
A-T     0.00    0.00   -0.00   -0.10    0.09    0.05   -0.66   -1.53    3.33    3.68    7.67   25.77
A-T     0.00    0.00    0.00    0.11   -0.07   -0.03    0.12    0.13    3.42    5.34    2.92   32.23
A-T    -0.00   -0.00    0.00   -0.02    0.07    0.11   -0.03    0.41    2.94   -6.25    4.17   29.67
A-T     0.01    0.00   -0.00    0.03    0.02   -0.03   -0.49   -0.13    2.95    6.51    6.00   18.03
A-T     0.01   -0.00   -0.00   -0.10   -0.01   -0.07    1.40    1.88    8.43  -27.83   64.43   39.28
A-T     0.00    0.00   -0.01   -0.03   -0.26   -0.09   -0.20    0.41    2.82   -2.01    7.47   17.14
A-T    -0.00    0.00    0.00    0.11    0.10   -0.02   -0.25    0.05    3.04    1.07    6.11   32.25
A-T     0.00   -0.00   -0.00   -0.13    0.05    0.00   -0.06   -0.05    3.52   -9.19    2.92   37.91
A-T    -0.00   -0.00   -0.01   -0.04    0.06    0.06    0.04   -0.32    3.62   -2.20    3.11   35.26
A-T    -0.00    0.00   -0.01   -0.06    0.03   -0.01    0.08   -0.01    3.34   -5.13    0.00   34.46
A-T     0.00    0.00    0.00    0.02   -0.01   -0.06   -0.14    0.19    3.46    3.90   -6.29   37.83
A-T     0.00   -0.00   -0.00   -0.07   -0.02   -0.03   -0.28    0.10    3.63   -6.24   -4.17   32.60
A-T    -0.00   -0.00    0.00    0.01   -0.12    0.05    0.15   -0.16    3.15    6.61    4.30   26.19
A-T     0.00   -0.00    0.00   -0.05   -0.00   -0.06    0.05    0.35    3.22   16.03    0.81   42.16
A-T     0.00   -0.00   -0.00   -0.04   -0.04   -0.06    0.06    0.06    3.26    2.92   13.11   39.30
T-A    -0.33   -0.46    1.29    0.57  -25.98   -4.14    0.04    0.01    0.04   -0.10   -0.01    0.00
G-C    -0.11   -0.34    1.01  -10.00  -25.11   -6.09   -0.27   -1.09    3.27    0.76   -9.96   39.98
T-A    -0.26   -0.28    1.09  -12.15  -26.26   -0.34   -0.93   -1.59    3.27   -2.04   -8.63   31.91
G-C    -0.01   -0.20    0.59  -12.77  -32.75   -5.21   -0.32   -0.59    3.18   -1.71   -0.27   39.46
A-T     0.08   -0.13    0.56   -8.19  -22.21    0.24    0.12   -0.98    3.11    2.83   -6.46   31.80
G-C    -0.07   -0.11    0.90   10.52  -14.15    0.41    0.96   -0.48    2.89   -0.93   -7.55   33.60
C-G     0.16   -0.05    0.03   23.17  -27.17    0.81   -0.72   -0.09    3.09   11.70   -4.95   33.27
G-C    -0.14   -0.04    0.09  -23.03  -27.81    0.86   -0.05    1.55    5.41   -0.14   60.15   13.27
C-G     0.04   -0.18    1.02  -11.00  -14.26   -0.15    0.68   -0.12    3.13  -12.58   -5.70   33.23
T-A    -0.13   -0.19    0.62    8.04  -22.47   -0.01   -0.93   -0.53    2.88    1.31   -8.53   33.45
C-G    -0.03   -0.24    0.69   13.18  -33.64   -5.84   -0.14   -1.02    3.05   -2.68   -6.02   32.10
A-T     0.21   -0.27    1.10   10.97  -24.95    0.03    0.38   -0.59    3.23    2.10   -0.65   39.47
C-G     0.11   -0.27    0.99   10.41  -25.67   -5.94    0.91   -1.57    3.21    2.32   -8.23   32.17
A-T     0.07   -0.37    1.02   -0.16  -25.28    2.25    0.53   -0.91    3.45    1.67  -11.64   37.44
